0.4968
0.2853
0.2515
0.254
0.2421
0.235
0.2329
0.2209
0.2139
0.2074
0.201
0.2023
0.1969
0.1936
0.1869
0.1841
0.1815
0.1808
0.1823
0.1814
0.1794
0.1774
0.1728
0.1812
0.1781
0.1772
0.1682
0.1625
0.1677
0.1622
0.1592
0.1586
0.1534
0.1552
0.1461
0.1455
0.1453
0.1423
0.1381
0.1316
0.139
0.131
0.1284
0.128
0.1253
0.1313
0.1258
0.1258
0.1245
0.1313
0.131
0.1272
0.127
0.1251
0.1313
0.1321
0.1323
0.1346
0.133
0.1318
0.1283
0.1307
0.1255
0.1296
0.1318
0.1312
0.1305
0.1231
0.1212
0.1163
0.1192
0.1171
0.1173
0.122
0.1194
0.1192
0.1161
0.1162
0.1223
0.1241
0.1243
0.1228
0.1222
0.118
0.1167
0.1161
0.1137
0.1132
0.1121
0.1134
0.1116
0.1125
0.1092
0.1074
0.1111
0.109
0.1102
0.1075
0.1089
0.1041
0.1031
0.1059
0.1065
0.1075
0.1104
0.1073
0.1076
0.104
0.1064
0.1015
0.1022
0.1014
0.0987
0.1
0.0999
0.0921
0.0962
0.0936
0.0926
0.09
0.0877
0.0861
0.0833
0.0825
0.0802
0.0834
0.0848
0.0822
0.0864
0.0819
0.0854
0.0822
0.0858
0.0808
0.0886
0.0802
0.0817
0.0796
0.0809
0.0806
0.0752
0.079
0.0757
0.0793
0.0805
0.0803
0.0801
0.0799
0.0821
0.0796
0.0823
0.0768
0.0763
0.0784
0.0779
0.0784
0.0797
0.0806
0.078
0.0787
0.0753
0.0771
0.0766
0.078
0.0718
0.0746
0.0695
0.0693
0.0691
0.0703
0.0682
0.0689
0.0641
0.0647
0.0644
0.0612
0.0602
0.0618
0.0604
0.0629
0.0626
0.0612
0.0605
0.0648
0.0609
0.0593
0.0596
0.0596
0.0598
0.0572
0.0562
0.0559
0.058
0.0592
0.0597
0.0604
0.0637
0.064
0.0635
0.0627
0.0625
0.059
0.0618
0.0623
0.0601
0.0609
0.0615
0.0632
0.0627
0.0633
0.064
0.0641
0.0652
0.0641
0.0641
0.0624
0.0634
0.065
0.0631
0.0583
0.0613
0.0581
0.0589
0.0559
0.0575
0.0551
0.0558
0.056
0.0554
0.0571
0.0553
0.0533
0.0509
0.0525
0.0501
0.0515
0.0505
0.0516
0.0499
0.0488
0.0485
0.0483
0.0464
0.0483
0.0505
0.0494
0.0481
0.0475
0.0438
0.0473
0.0474
0.0485
0.0479
0.0523
0.0486
0.0491
0.0466
0.0467
0.0475
0.0479
0.0493
0.0498
0.0514
0.0496
0.05
0.0452
0.0464
0.0469
0.0452
0.0448
0.0462
0.0473
0.0482
0.0434
0.0416
0.0419
0.0419
0.0424
0.0414
0.0406
0.0393
0.0406
0.0403
0.0415
0.0407
0.0415
0.04
0.0394
0.0395
0.0406
0.0412
0.0393
0.0396
0.0394
0.0388
0.0371
0.0374
0.0377
0.0386
0.0386
0.0388
0.0397
0.04
0.038
0.0389
0.0383
0.0384
0.0383
0.0393
0.0395
0.0404
0.0394
0.0402
0.0389
0.0402
0.0388
0.0404
0.0396
0.0389
0.0383
0.0392
0.0388
0.0373
0.0384
0.0375
0.0374
0.0383
0.0384
0.0377
0.0375
0.0385
0.0376
0.0388
0.0373
0.0383
0.0383
0.0381
0.0382
0.0377
0.0375
0.0379
0.0378
0.0376
0.0375
0.0375
0.0376
0.0374
0.0374
0.0378
0.0371
0.0382
0.0369
0.0375
0.0367
0.0354
0.0356
0.0362
0.0364
0.0385
0.0354
0.0361
0.0342
0.0338
0.0335
0.0341
0.0341
0.0346
0.0343
0.0354
0.0347
0.035
0.0342
0.0342
0.0341
0.035
0.0339
0.034
0.0339
0.0344
0.0345
0.0348
0.035
0.035
0.0339
0.0343
0.0341
0.0336
0.0341
0.0333
0.0331
0.033
0.0325
0.0324
0.0324
0.0324
0.0324
0.0324
0.0324
0.0324
0.0324
0.0324
0.0324
0.0324
0.0325
0.0325
0.0326
0.0323
0.0322
0.0323
0.0322
0.0322
0.0324
0.0324
0.0328
0.0328
0.0336
0.0328
0.0328
0.0328
0.0328
0.0328
0.0328
0.0328
0.0328
0.0328
0.0328
0.0328
0.0328
0.0328
0.0328
0.0328
0.0328
0.0328
0.0328
0.0328
0.0328
0.0328
0.0328
0.0328
0.0328
0.0328
0.0328
0.0328
0.0328
0.0328
0.0328
0.0328
0.0328
0.0328
0.0328
0.0328
0.0328
0.0328
0.0328
0.0328
0.0328
0.0328
0.0328
0.0328
0.0328
0.0328
0.0328
0.0328
0.0328
0.0328
0.0328
0.0328
0.0328
0.0328
0.0328
0.0328
0.0328
0.0328
0.0328
0.0328
0.0328
0.0328
0.0328
0.0328
0.0328
0.0328
0.0328
0.0328
0.0328
0.0328
0.0328
0.0328
0.0328
0.0328
0.0328
0.0328
0.0328
0.0328
0.0328
0.0328
0.0328
0.0328
0.0328
0.0328
0.0328
0.0328
0.0328
0.0328
0.0328
0.0328
0.0328
0.0328
0.0328
0.0328
0.0328
0.0328
0.0328
0.0328
0.0328
0.0328
0.0328
0.0328
0.0328
0.0328
0.0328
0.0328
0.0328
0.0328
0.0328
0.0328
0.0328
0.0328
0.0328
0.0328
0.0328
0.0328
0.0328
0.0328
0.0328
0.0328
0.0328
0.0328
0.0328
0.0328
0.0328
0.0328
0.0328
0.0328
0.0328
0.0328
0.0328
0.0328
0.0328
0.0328
0.0328
0.0328
0.0328
0.0328
0.0328
0.0328
0.0328
0.0328
0.0328
0.0328
0.0328
0.0328
0.0328
0.0328
0.0328
0.0328
0.0328
0.0328
0.0328
0.0328
0.0328
0.0328
0.0328
0.0328
0.0328
0.0328
0.0328
0.0328
0.0328
0.0328
0.0328
0.0328
0.0328
0.0328
0.0328
0.0328
0.0328
0.0328
0.0328
0.0328
0.0328
0.0328
0.0328
0.0328
0.0328
0.0328
0.0328
0.0328
0.0328
0.0328
0.0328
0.0328
0.0328
0.0328
0.0328
0.0328
0.0328
0.0328
0.0328
0.0328
0.0328
0.0328
0.0328
0.0328
0.0328
0.0328
0.0328
0.0328
0.0328
0.0328
0.0328
0.0328
0.0328
0.0328
0.0328
0.0328
0.0328
0.0328
0.0328
0.0328
0.0328
0.0328
0.0328
0.0328
0.0328
0.0328
0.0328
0.0328
0.0328
0.0328
0.0328
0.0328
0.0328
0.0328
0.0328
0.0328
0.0328
0.0328
0.0328
0.0328
0.0328
0.0328
0.0328
0.0328
0.0328
0.0328
0.0328
0.0328
0.0328
0.0328
0.0328
0.0328
0.0328
0.0328
0.0328
0.0328
0.0328
0.0328
0.0328
0.0328
0.0328
0.0328
0.0328
0.0328
0.0328
0.0328
0.0328
0.0328
0.0328
0.0328
0.0328
0.0328
0.0328
0.0328
0.0328
0.0328
0.0328
0.0328
0.0328
0.0328
0.0328
0.0328
0.0328
0.0328
0.0328
0.0328
0.0328
0.0328
0.0328
0.0328
0.0328
0.0328
0.0328
0.0328
0.0328
0.0328
0.0328
0.0328
0.0328
0.0328
0.0328
0.0328
0.0328
0.0328
0.0328
0.0328
0.0328
0.0328
0.0328
0.0328
0.0328
0.0328
0.0328
0.0328
0.0328
0.0328
0.0328
0.0328
0.0328
0.0328
0.0328
0.0328
0.0328
0.0328
0.0328
0.0328
0.0328
0.0328
0.0328
0.0328
0.0328
0.0328
0.0328
0.0328
0.0328
0.0328
0.0328
0.0328
0.0328
0.0328
0.0328
0.0328
0.0328
0.0328
0.0328
0.0328
0.0328
0.0328
0.0328
0.0328
0.0328
0.0328
0.0328
0.0328
0.0328
0.0328
0.0328
0.0328
0.0328
0.0328
0.0328
0.0328
0.0328
0.0328
0.0328
0.0328
0.0328
0.0328
0.0328
0.0328
0.0328
0.0328
0.0328
0.0328
0.0328
0.0328
0.0328
0.0328
0.0328
0.0328
0.0328
0.0328
0.0328
0.0328
0.0328
0.0328
0.0328
0.0328
0.0328
0.0328
0.0328
0.0328
0.0328
0.0328
0.0328
0.0328
0.0328
0.0328
0.0328
0.0328
0.0328
0.0328
0.0328
0.0328
0.0328
0.0328
0.0328
0.0328
0.0328
0.0328
0.0328
0.0328
0.0328
0.0328
0.0328
0.0328
0.0328
0.0328
0.0328
0.0328
0.0328
0.0328
0.0328
0.0328
0.0328
0.0328
0.0328
0.0328
0.0328
0.0328
0.0328
0.0328
0.0328
0.0328
0.0328
0.0328
0.0328
0.0328
0.0328
0.0328
0.0328
0.0328
0.0328
0.0328
0.0328
0.0328
0.0328
0.0328
0.0328
0.0328
0.0328
0.0328
0.0328
0.0328
0.0328
0.0328
0.0328
0.0328
0.0328
0.0328
0.0328
0.0328
0.0328
0.0328
0.0328
0.0328
0.0328
0.0328
0.0328
0.0328
0.0328
0.0328
0.0328
0.0328
0.0328
0.0328
0.0328
0.0328
0.0328
0.0328
0.0328
0.0328
0.0328
0.0328
0.0328
0.0328
0.0328
0.0328
0.0328
0.0328
0.0328
0.0328
0.0328
0.0328
0.0328
0.0328
0.0328
0.0328
0.0328
0.0328
0.0328
0.0328
0.0328
0.0328
0.0328
0.0328
0.0328
0.0328
0.0328
0.0328
0.0328
0.0328
0.0328
0.0328
0.0328
0.0328
0.0328
0.0328
0.0328
0.0328
0.0328
0.0328
0.0328
0.0328
0.0328
0.0328
0.0328
0.0328
0.0328
0.0328
0.0328
0.0328
0.0328
0.0328
0.0328
0.0328
0.0328
0.0328
0.0328
0.0328
0.0328
0.0328
0.0328
0.0328
0.0328
0.0328
0.0328
0.0328
0.0328
0.0328
0.0328
0.0328
0.0328
0.0328
0.0328
0.0328
0.0328
0.0328
0.0328
0.0328
0.0328
0.0328
0.0328
0.0328
0.0328
0.0328
0.0328
0.0328
0.0328
0.0328
0.0328
0.0328
0.0328
0.0328
0.0328
0.0328
0.0328
0.0328
0.0328
0.0328
0.0328
0.0328
0.0328
0.0328
0.0328
0.0328
0.0328
0.0328
0.0328
0.0328
0.0328
