0.039
0.042175
0.04085
0.033525
0.033725
0.040975
0.033175
0.034325
0.045575
0.028125
0.0463
0.035425
0.032
0.034525
0.0348
0.05315
0.033125
0.0398
0.031275
0.030475
0.032925
0.030575
0.0331
0.049775
0.0373
0.035725
0.03305
0.04335
0.052575
0.0421
0.03985
0.037125
0.04405
0.0304
0.0358
0.048325
0.041775
0.036875
0.044075
0.04135
0.04615
0.0431
0.03925
0.039725
0.03165
0.04285
0.03625
0.036875
0.038425
0.039725
0.05485
0.0375
0.033725
0.043375
0.036375
0.04305
0.03685
0.035225
0.036675
0.040525
0.04285
0.040875
0.035725
0.046325
0.036325
0.0358
0.036625
0.045175
0.03875
0.035125
0.033325
0.038375
0.044425
0.042175
0.033825
0.03295
0.036975
0.039075
0.03975
0.041225
0.0328
0.0344
0.04585
0.03485
0.03745
0.03885
0.04765
0.040275
0.039475
0.0368
0.0383
0.035725
0.036
0.03935
0.04435
0.051275
0.0364
0.04755
0.0482
0.042425
