0.042772
0.04044
0.037808
0.043528
0.042836
0.0408
0.04404
0.042596
0.0449
0.038988
0.037004
0.042704
0.039056
0.03998
0.03992
0.043244
0.04052
0.04318
0.044688
0.040088
0.040328
0.04138
0.038524
0.039404
0.037888
0.045356
0.03842
0.046692
0.04174
0.042372
0.037124
0.044092
0.043984
0.04418
0.038988
0.044304
0.041312
0.039104
0.04094
0.036496
0.03958
0.04078
0.040672
0.0399
0.042204
0.03902
0.043356
0.039128
0.04002
0.041584
0.042388
0.040576
0.044252
0.040096
0.039056
0.041368
0.03894
0.045144
0.045788
0.038164
0.043292
0.04528
0.043228
0.042404
0.039856
0.042044
0.037312
0.037208
0.04312
0.041692
0.04132
0.045016
0.04438
0.0377
0.040692
0.044216
0.041232
0.03834
0.042432
0.041596
0.038156
0.03936
0.045848
0.043756
0.041576
0.039708
0.04056
0.044788
0.043852
0.044484
0.042392
0.039428
0.041564
0.040376
0.041808
0.042036
0.042908
0.041752
0.04106
0.039304
