0.0371
0.0336
0.0506
0.0267
0.0303
0.0406
0.0608
0.0469
0.0297
0.0403
0.0347
0.0324
0.0361
0.0297
0.0276
0.0468
0.0307
0.0318
0.0421
0.0389
0.0289
0.0435
0.042
0.0427
0.0336
0.0277
0.0259
0.0488
0.0331
0.0294
0.0285
0.0631
0.0301
0.0315
0.0384
0.0541
0.0242
0.0327
0.052
0.0449
0.0321
0.0325
0.0478
0.0302
0.0365
0.0291
0.0371
0.03
0.0295
0.0393
0.0492
0.0346
0.0281
0.0348
0.0313
0.0316
0.0357
0.0302
0.0306
0.0349
0.0379
0.0408
0.031
0.0369
0.0379
0.0292
0.0294
0.0424
0.0402
0.0374
0.0311
0.0304
0.0342
0.0337
0.05
0.0488
0.0383
0.0358
0.033
0.0378
0.0455
0.0486
0.0509
0.0402
0.041
0.0384
0.0372
0.0388
0.0431
0.0274
0.0339
0.0304
0.0343
0.0314
0.0392
0.0464
0.0369
0.0436
0.0286
0.0395
