0.3054
0.3423
0.2951
0.2876
0.2619
0.2569
0.2484
0.2405
0.2307
0.2213
0.2202
0.2074
0.1972
0.1987
0.1833
0.1817
0.1767
0.1823
0.1666
0.1628
0.158
0.1626
0.1554
0.153
0.1549
0.1553
0.1539
0.1523
0.1482
0.1411
0.1344
0.1312
0.1315
0.1307
0.1316
0.126
0.1315
0.1259
0.1272
0.123
0.1291
0.128
0.1276
0.133
0.1305
0.1314
0.1288
0.1227
0.1237
0.1179
0.1268
0.1225
0.1235
0.1176
0.1149
0.1146
0.1145
0.1164
0.1165
0.1149
0.1157
0.1166
0.1137
0.114
0.113
0.1171
0.1137
0.1098
0.1142
0.1138
0.1141
0.1096
0.1091
0.1146
0.1111
0.1138
0.1142
0.115
0.1104
0.1119
0.105
0.104
0.1002
0.1011
0.1002
0.0981
0.0948
0.0968
0.0881
0.0953
0.0871
0.0902
0.0894
0.0876
0.0855
0.0886
0.086
0.0844
0.0836
0.0795
0.083
0.0785
0.0849
0.0799
0.0814
0.0766
0.0746
0.0747
0.0775
0.072
0.076
0.0739
0.0693
0.0715
0.075
0.0772
0.0746
0.0766
0.0773
0.077
0.0771
0.0761
0.0786
0.0762
0.0729
0.0682
0.0731
0.0713
0.0729
0.0712
0.0719
0.0692
0.0711
0.0714
0.0702
0.0718
0.0719
0.0715
0.07
0.0694
0.0701
0.0694
0.0718
0.0703
0.0705
0.0693
0.0663
0.0655
0.0661
0.0626
0.0635
0.0622
0.0623
0.0641
0.063
0.0631
0.0642
0.0634
0.0642
0.0651
0.0647
0.0627
0.0633
0.0688
0.0656
0.064
0.0647
0.0651
0.0637
0.0647
0.0657
0.0662
0.0641
0.0701
0.0679
0.0686
0.0717
0.0722
0.0705
0.0751
0.0706
0.0737
0.0719
0.0724
0.0722
0.0745
0.0771
0.0751
0.0731
0.069
0.0683
0.0676
0.0688
0.0699
0.0739
0.0707
0.069
0.0692
0.069
0.0692
0.0686
0.0711
0.0704
0.0715
0.0754
0.0751
0.078
0.0775
0.0784
0.0759
0.0813
0.0779
0.0765
0.0779
0.0793
0.077
0.0827
0.0781
0.0811
0.0763
0.082
0.0784
0.0805
0.0822
0.0813
0.0793
0.08
0.0767
0.0788
0.0817
0.0816
0.083
0.0782
0.0789
0.0779
0.0774
0.0758
0.0767
0.0722
0.0778
0.0744
0.0771
0.078
0.0745
0.0725
0.0762
0.0707
0.0727
0.0714
0.0768
0.0712
0.0728
0.0677
0.0679
0.0665
0.0661
0.0637
0.0677
0.0669
0.0695
0.0717
0.0692
0.0707
0.0695
0.0697
0.0659
0.0662
0.0671
0.062
0.0625
0.0614
0.0616
0.0604
0.0594
0.0614
0.0609
0.0601
0.0606
0.0631
0.0605
0.063
0.0621
0.064
0.0625
0.0628
0.0629
0.0622
0.0634
0.0619
0.0647
0.0647
0.0686
0.0675
0.0683
0.0648
0.0663
0.0659
0.0651
0.067
0.0685
0.0662
0.0676
0.0645
0.0648
0.0659
0.0672
0.0678
0.0682
0.0704
0.0702
0.0684
0.0683
0.069
0.0659
0.0641
0.0677
0.0649
0.066
0.063
0.0649
0.0643
0.065
0.0665
0.0667
0.0648
0.066
0.0657
0.064
0.0661
0.0653
0.0633
0.0686
0.0686
0.067
0.0691
0.0694
0.0705
0.0688
0.067
0.0683
0.0681
0.0652
0.0659
0.069
0.0673
0.068
0.0678
0.0737
0.069
0.0731
0.071
0.0714
0.0713
0.0728
0.0671
0.0638
0.0623
0.0632
0.0613
0.0646
0.0615
0.0582
0.0591
0.056
0.0591
0.057
0.0559
0.0593
0.0582
0.0602
0.06
0.059
0.0581
0.0561
0.0581
0.0555
0.0529
0.0534
0.0547
0.0562
0.0554
0.0553
0.0518
0.0513
0.051
0.0506
0.0508
0.051
0.0501
0.052
0.0518
0.0541
0.0542
0.0555
0.0566
0.0561
0.0538
0.0547
0.055
0.0525
0.0515
0.0518
0.0515
0.0481
0.047
0.0472
0.0466
0.0495
0.0508
0.051
0.0496
0.0519
0.052
0.0498
0.0482
0.0521
0.0496
0.0495
0.0481
0.0524
0.0505
0.0499
0.0512
0.0526
0.0517
0.0531
0.0518
0.0519
0.0514
0.0516
0.0496
0.051
0.049
0.05
0.0483
0.0507
0.0513
0.0519
0.0467
0.0489
0.0484
0.0447
0.0456
0.0464
0.0496
0.0477
0.0479
0.0485
0.0487
0.0511
0.0513
0.0502
0.0526
0.0508
0.0518
0.0517
0.0537
0.0516
0.0508
0.0517
0.0532
0.0554
0.0512
0.0527
0.051
0.0534
0.0547
0.0531
0.0537
0.0527
0.052
0.0515
0.0545
0.0546
0.0527
0.0528
0.0531
0.0551
0.0557
0.0558
0.0569
0.0585
0.0557
0.0568
0.0578
0.0565
0.0544
0.0543
0.0546
0.0529
0.0576
0.054
0.0545
0.0541
0.0546
0.0561
0.0546
0.0525
0.0531
0.0522
0.0537
0.0515
0.0515
0.0553
0.0536
0.0567
0.0528
0.0556
0.0547
0.0546
0.0587
0.0538
0.0541
0.054
0.0534
0.0557
0.0492
0.0493
0.0469
0.0468
0.0462
0.0483
0.0452
0.0454
0.0452
0.0478
0.0453
0.0511
0.0459
0.0508
0.0465
0.0513
0.0488
0.0515
0.0495
0.0509
0.048
0.0494
0.0472
0.0496
0.048
0.0509
0.0483
0.0516
0.0465
0.0479
0.0496
0.0494
0.052
0.0522
0.0519
0.0514
0.0554
0.055
0.0543
0.058
0.0598
0.061
0.0582
0.0602
0.059
0.0608
0.0585
0.0603
0.0588
0.0597
0.0618
0.0621
0.062
0.0654
0.0626
0.063
0.0598
0.0613
0.0573
0.06
0.0607
0.061
0.0599
0.0606
0.0596
0.0578
0.0585
0.0602
0.059
0.0573
0.0584
0.0592
0.0591
0.0576
0.057
0.0573
0.0556
0.0589
0.0548
0.0562
0.0543
0.0562
0.0534
0.052
0.0561
0.0554
0.056
0.0525
0.0516
0.0562
0.0529
0.0544
0.0507
0.0503
0.0494
0.047
0.0445
0.0437
0.0438
0.0432
0.0432
0.0437
0.0454
0.045
0.0437
0.0455
0.0435
0.0453
0.0451
0.0454
0.0471
0.0463
0.0475
0.0474
0.0472
0.0474
0.0467
0.0462
0.0478
0.0472
0.0473
0.0483
0.0476
0.0456
0.0431
0.0422
0.0444
0.0442
0.0466
0.0426
0.0442
0.043
0.0464
0.0456
0.0468
0.0473
0.05
0.0492
0.0498
0.0489
0.0518
0.0497
0.051
0.0468
0.0487
0.0462
0.0464
0.0464
0.0463
0.0473
0.0488
0.0485
0.047
0.0479
0.045
0.0457
0.0457
0.043
0.0428
0.0443
0.0465
0.0449
0.0448
0.045
0.045
0.0451
0.045
0.0446
0.0463
0.0477
0.0461
0.0457
0.0459
0.0446
0.0454
0.0457
0.0413
0.0411
0.0421
0.0401
0.039
0.0399
0.0403
0.0418
0.0431
0.046
0.0463
0.0429
0.04
0.04
0.0404
0.0417
0.0409
0.0412
0.0396
0.0424
0.0395
0.0398
0.0386
0.0375
0.035
0.0351
0.0348
0.0363
0.0357
0.035
0.0361
0.0366
0.0374
0.0376
0.0385
0.0388
0.039
0.0387
0.0396
0.0388
0.0387
0.0403
0.0389
0.0415
0.0401
0.0393
0.0389
0.0379
0.0364
0.0371
0.0369
0.037
0.0385
0.0382
0.0401
0.0389
0.0417
0.0386
0.0381
0.039
0.0373
0.037
0.0381
0.0383
0.0368
0.0354
0.034
0.0343
0.035
0.0354
0.0377
0.0366
0.0382
0.0394
0.0414
0.0433
0.0417
0.0424
0.0419
0.0416
0.0438
0.0408
0.0393
0.0378
0.0379
0.0369
0.0388
0.0397
0.0388
0.0394
0.0402
0.0393
0.0372
0.0378
0.0361
0.0366
0.0361
0.0358
0.0356
0.0362
0.0352
0.0366
0.0344
0.0348
0.0345
0.0347
0.0335
0.0341
0.0341
0.0359
0.0357
0.0366
0.0377
0.0372
0.037
0.0368
0.0384
0.0387
0.0386
0.0383
0.039
0.0383
0.0371
0.0363
0.0371
0.0362
0.0379
0.0372
0.0392
0.0368
0.0367
0.0365
0.0362
0.0367
0.0372
0.0383
0.038
0.0373
0.0385
0.0382
0.0379
0.0381
0.0389
0.0397
0.0397
0.041
0.0434
0.0431
0.0421
0.0424
0.0427
0.0426
0.0436
0.0434
0.0466
0.0435
0.0439
0.0431
0.0419
0.0432
0.0409
0.0433
0.0413
0.038
0.0384
0.0374
0.0378
0.036
0.0362
0.0366
0.0367
0.036
0.0364
0.0362
0.0358
0.0361
0.0361
0.0356
0.0337
0.0338
0.0322
0.0326
0.032
0.0322
0.0331
0.0329
0.0317
0.0321
0.0332
0.0332
0.0344
0.034
0.0355
0.036
0.037
0.0372
0.0383
0.0386
0.0399
0.0379
0.0399
0.0394
0.0392
0.0385
0.0388
0.0394
0.0407
0.039
0.0386
0.0391
0.0389
0.039
0.0399
0.0396
0.0391
0.0403
0.0421
0.0408
0.044
0.0434
0.045
0.0439
0.0454
0.0448
0.0482
0.0443
0.045
0.0445
0.0438
0.0453
0.0448
0.0432
0.0444
0.0415
0.0409
0.0422
0.0398
0.0411
0.04
0.0389
0.0382
0.0379
0.0362
0.0358
0.0357
0.036
0.037
0.0358
0.0357
0.0345
0.0349
0.035
0.035
0.0358
0.036
0.0353
0.0368
0.0364
0.0368
0.0369
0.0363
0.0356
0.036
0.0365
0.0368
0.0368
0.0371
0.0395
0.0375
0.0379
0.0388
0.0377
0.0389
0.0384
0.039
0.0384
0.038
0.0385
0.0377
0.0391
0.0377
0.0404
0.0395
0.0419
0.0399
0.0417
0.0416
0.0406
0.0404
0.0398
0.0407
0.0412
0.0403
0.0403
0.0398
0.0378
0.0382
0.0374
0.0384
0.0373
0.0379
0.0391
0.0379
0.039
0.0393
0.0407
0.0384
0.0389
0.0414
0.0395
0.0387
0.039
0.0397
0.0378
0.0386
0.0385
0.0383
0.0383
0.039
0.0382
0.0393
0.0399
0.0392
0.0399
0.0386
0.0389
0.0373
0.0361
0.0362
0.0369
0.0371
0.0375
0.0389
0.0385
0.0361
0.037
0.036
0.0359
0.0344
0.0346
0.0354
0.036
0.0362
0.0367
0.0369
0.0375
0.0374
0.0381
0.0395
0.0383
0.0386
0.0384
0.04
0.0393
0.0392
0.0385
0.0381
0.0384
0.039
0.0406
0.0394
0.0407
0.0401
0.0398
0.0394
0.0395
0.0403
0.0401
0.0408
0.0409
0.042
0.0453
0.0441
0.0452
0.045
0.0453
0.0434
0.0458
0.0434
0.0412
0.0437
0.0411
0.0437
0.0412
0.0425
0.0426
0.0431
0.044
0.0437
0.0451
0.0446
0.043
0.043
0.0415
0.0401
0.0402
0.0392
0.0373
0.0348
0.0342
0.0335
0.0349
0.0364
0.037
0.0374
0.0375
0.0386
0.0385
0.0398
0.0391
0.0401
0.0402
0.0408
0.0404
0.041
0.0431
0.0415
0.0407
0.0409
0.0407
0.0417
0.0398
0.0417
0.0399
0.0423
0.0391
0.0412
0.0397
0.0398
0.0406
0.0396
0.0393
0.0402
0.0414
0.0417
0.0437
0.0442
0.0455
0.0437
0.0462
0.0474
0.0466
0.0471
0.0485
0.0487
0.0489
0.0465
0.0463
0.0451
0.0457
0.0457
0.0438
0.0437
0.0429
0.0457
0.0458
0.0463
0.0449
0.0469
0.0472
0.0486
0.0459
0.0447
0.0438
0.0423
0.0413
0.0421
0.0423
0.0421
0.0416
0.0432
0.0435
0.0424
0.041
0.0397
0.0407
0.0388
0.0385
0.0389
0.0412
0.0412
0.0431
0.0436
0.042
0.0409
0.0407
0.0391
0.0396
0.0391
0.0397
0.0395
0.0408
0.0436
0.0438
0.0445
0.0437
0.0455
0.0458
0.0472
0.0463
0.0473
0.0462
0.047
0.0471
0.0455
0.0443
0.0447
0.0447
0.0443
0.0458
0.0446
0.0464
0.0462
0.0492
0.0461
0.0456
0.0459
0.0475
0.048
0.0481
0.0491
0.0469
0.0481
0.0469
0.0484
0.0509
0.0485
0.0505
0.05
0.0505
0.0526
0.0499
0.0531
0.0471
0.0483
0.0484
0.0504
0.048
0.0493
0.0473
0.0455
0.0464
0.0458
0.0452
0.0452
0.0455
0.0469
0.0482
0.0487
0.0492
0.0529
0.0487
0.0481
0.0481
0.0469
0.0467
0.0454
0.0479
0.0459
0.0471
0.0459
0.0474
0.0489
0.0495
0.0482
0.0471
0.0466
0.0464
0.0446
0.0448
0.0451
0.0462
0.0483
0.0471
0.0501
0.0491
0.0478
0.0461
0.0458
0.046
0.0453
0.0454
0.0456
0.0461
0.0472
0.0463
0.0484
0.0468
0.0491
0.0482
0.0464
0.0457
0.0432
0.0441
0.0421
0.0419
0.0415
0.0415
0.0408
0.0393
0.0402
0.0409
0.0407
0.0414
0.0435
0.0445
0.0469
0.0457
0.0453
0.0435
0.0441
0.0462
0.0455
0.0428
0.0436
0.042
0.0425
0.0422
0.0449
0.0425
0.0456
0.0444
0.0454
0.0422
0.0438
0.0453
0.0437
0.0445
0.0445
0.0435
0.0441
0.0439
0.0408
0.0406
0.0417
0.0391
0.0411
0.0395
0.0423
0.0418
0.0406
0.0418
0.0423
0.0423
0.0444
0.0427
0.0433
0.0422
0.0438
0.0413
0.0418
0.0406
0.0425
0.0389
0.0409
0.0396
0.0406
0.0403
0.0412
0.0401
0.042
0.0397
0.0407
0.0408
0.0404
0.0418
0.0402
0.0399
0.0404
0.0395
0.0417
0.041
0.0404
0.0429
0.0427
0.0432
0.0439
0.0426
0.0437
0.0429
0.0447
0.0448
0.0441
0.0459
0.0455
0.0458
0.0478
0.0465
0.0488
0.0488
0.0467
0.047
0.0453
0.0434
0.0446
0.0443
0.0464
0.0468
0.0501
0.0482
0.0504
0.0461
0.0464
0.0453
0.047
0.0439
0.0461
0.0454
0.0436
0.0445
0.0449
0.0448
0.0425
0.0443
0.0455
0.0439
0.0423
0.0457
0.0443
0.0465
0.0471
0.0496
0.0462
0.0453
0.0463
0.0457
0.0429
0.0431
0.0418
0.039
0.0411
0.0423
0.0431
0.0432
0.0444
0.0463
0.0459
0.046
0.0486
0.047
0.0517
0.047
0.0512
0.0491
0.0483
0.0471
0.0482
0.0468
0.0429
0.0425
0.0408
0.0412
0.0403
0.0406
0.0408
0.0398
0.0418
0.0419
0.0443
0.0437
0.0453
0.0444
0.0452
0.0457
0.0459
0.0441
0.0447
0.0432
0.0452
0.0447
0.0467
0.0447
0.0453
0.0448
0.0453
0.0448
0.0445
0.0453
0.0445
0.044
0.0424
0.0419
0.042
0.0424
0.0413
0.0419
0.0431
0.0432
0.0444
0.0411
0.0416
0.0428
0.0411
0.0409
0.04
0.0392
0.0403
0.041
0.0401
0.0383
0.0379
0.0372
0.0375
0.0366
0.0371
0.0368
0.0372
0.0377
