0.6147
0.148
0.1267
0.1196
0.1203
0.116
0.1182
0.1156
0.1133
0.1114
0.1121
0.1124
0.1123
0.1116
0.1083
0.1177
0.1135
0.1184
0.1206
0.1243
0.1242
0.1188
0.1206
0.118
0.1212
0.1096
0.1071
0.1067
0.102
0.0982
0.0958
0.0987
0.0991
0.0978
0.0973
0.0986
0.0953
0.1017
0.0999
0.096
0.0982
0.0969
0.0962
0.0981
0.0932
0.0905
0.0905
0.086
0.086
0.089
0.09
0.0949
0.093
0.0963
0.0922
0.0923
0.0891
0.0898
0.0922
0.0937
0.0937
0.0903
0.0887
0.0904
0.0896
0.0885
0.0882
0.0894
0.0862
0.0854
0.0852
0.083
0.086
0.0837
0.0831
0.0797
0.0807
0.0779
0.0795
0.0789
0.075
0.0734
0.0723
0.0727
0.0661
0.0689
0.0652
0.0688
0.0635
0.0611
0.0603
0.06
0.0601
0.0586
0.0583
0.059
0.0615
0.0609
0.0592
0.0597
0.0611
0.0602
0.0608
0.061
0.0609
0.0587
0.0594
0.061
0.0615
0.063
0.0623
0.0617
0.0634
0.0619
0.063
0.0628
0.0616
0.0608
0.064
0.0636
0.0645
0.0634
0.0631
0.0638
0.0636
0.0615
0.062
0.0603
0.0629
0.0646
0.0645
0.064
0.0643
0.0619
0.0638
0.0645
0.0636
0.0655
0.0658
0.0688
0.0663
0.0679
0.0682
0.0681
0.0656
0.0673
0.065
0.0629
0.059
0.06
0.0607
0.062
0.0645
0.0665
0.0638
0.063
0.0653
0.0611
0.062
0.0608
0.0602
0.0605
0.0578
0.0594
0.0597
0.0614
0.0616
0.0631
0.0653
0.0633
0.0654
0.0653
0.0641
0.0661
0.0682
0.0672
0.0699
0.0683
0.0697
0.0685
0.0708
0.0697
0.0709
0.0731
0.0742
0.0713
0.0722
0.0773
0.0762
0.0751
0.0722
0.0703
0.0699
0.0686
0.0659
0.0614
0.0644
0.0621
0.0597
0.0595
0.0624
0.0631
0.0602
0.0602
0.0594
0.0602
0.0612
0.0596
0.0655
0.0628
0.0675
0.0631
0.0695
0.0668
0.0688
0.0708
0.075
0.0715
0.0737
0.0746
0.0758
0.0788
0.0806
0.0781
0.0809
0.0795
0.0823
0.0811
0.079
0.0812
0.0791
0.0783
0.0792
0.0838
0.0831
0.0822
0.0834
0.0795
0.0828
0.0813
0.0778
0.0766
0.079
0.0761
0.0779
0.0783
0.0784
0.0798
0.0752
0.0768
0.0769
0.0801
0.0771
0.0787
0.0748
0.0762
0.075
0.0757
0.0763
0.0778
0.0753
0.0787
0.0757
0.0773
0.0738
0.0749
0.0788
0.0746
0.0773
0.0744
0.075
0.0725
0.0745
0.0756
0.0754
0.0779
0.0792
0.0775
0.0769
0.0738
0.0762
0.0775
0.0787
0.0758
0.0792
0.0745
0.0731
0.0718
0.0669
0.0665
0.0641
0.0612
0.0626
0.063
0.0655
0.0598
0.0638
0.0624
0.0636
0.0619
0.0599
0.0627
0.0601
0.0619
0.0579
0.0599
0.0585
0.058
0.0575
0.0572
0.0559
0.058
0.0581
0.0593
0.057
0.058
0.0579
0.057
0.0597
0.0583
0.0603
0.0568
0.0611
0.0622
0.0601
0.0599
0.0627
0.0632
0.0632
0.0627
0.0635
0.0629
0.0603
0.0573
0.0547
0.0551
0.057
0.0559
0.0577
0.0559
0.0585
0.0554
0.0588
0.0573
0.0615
0.0571
0.0587
0.0592
0.0546
0.0539
0.0508
0.0509
0.0525
0.0499
0.0542
0.0522
0.0503
0.0512
0.0488
0.0517
0.0511
0.0527
0.0511
0.0471
0.048
0.0454
0.0471
0.0457
0.0462
0.0485
0.0494
0.0466
0.0471
0.0489
0.0483
0.0501
0.0482
0.0511
0.0494
0.0506
0.0519
0.052
0.0513
0.0536
0.0524
0.0543
0.0566
0.0519
0.0541
0.053
0.0521
0.0495
0.0506
0.0482
0.0482
0.0457
0.046
0.045
0.0449
0.0452
0.0451
0.0441
0.045
0.0462
0.0448
0.046
0.0459
0.046
0.0437
0.0449
0.0455
0.0468
0.0465
0.0439
0.045
0.0449
0.0432
0.0439
0.04
0.0401
0.0418
0.0425
0.0436
0.0434
0.0431
0.0429
0.0401
0.0389
0.0385
0.0359
0.0362
0.034
0.0358
0.0348
0.0365
0.0355
0.0358
0.0389
0.0359
0.0385
0.0365
0.0395
0.0393
0.0417
0.0385
0.0403
0.0391
0.0404
0.0367
0.0374
0.0382
0.0387
0.0388
0.0396
0.0397
0.0407
0.0422
0.0417
0.0419
0.0399
0.0408
0.0398
0.0399
0.0395
0.0379
0.038
0.0356
0.0346
0.0341
0.034
0.0351
0.0355
0.0355
0.0352
0.035
0.0351
0.0362
0.0367
0.0384
0.0379
0.0376
0.0388
0.039
0.0388
0.0379
0.038
0.039
0.0379
0.0374
0.0369
0.0367
0.0374
0.0387
0.0376
0.0402
0.04
0.0421
0.0402
0.0436
0.0414
0.042
0.042
0.043
0.0419
0.0422
0.0429
0.0433
0.0424
0.0415
0.0419
0.0408
0.0417
0.0433
0.0433
0.0391
0.0403
0.0385
0.0376
0.038
0.038
0.0381
0.0413
0.0389
0.0379
0.0376
0.038
0.0396
0.0401
0.0399
0.0413
0.0395
0.0399
0.0401
0.0399
0.0393
0.0409
0.0397
0.0424
0.0406
0.0407
0.0407
0.0418
0.0429
0.0425
0.0436
0.0443
0.0448
0.0446
0.0454
0.0445
0.0426
0.0437
0.0435
0.0448
0.0422
0.0442
0.044
0.0452
0.0465
0.0473
0.0443
0.0455
0.0429
0.0436
0.0419
0.0412
0.0379
0.0369
0.0382
0.0388
0.0392
0.0385
0.0401
0.0385
0.0385
0.0393
0.0384
0.0399
0.0404
0.0398
0.0401
0.0401
0.0402
0.04
0.0406
0.0418
0.0411
0.0415
0.041
0.0392
0.0393
0.0398
0.0401
0.0402
0.039
0.0388
0.0387
0.0381
0.038
0.0405
0.0409
0.0397
0.0396
0.038
0.0382
0.0375
0.0384
0.0387
0.0391
0.0413
0.0394
0.0393
0.0387
0.0379
0.0391
0.0388
0.0405
0.0401
0.0416
0.0408
0.0415
0.0386
0.0386
0.0373
0.0387
0.0381
0.0403
0.037
0.0384
0.0365
0.0371
0.0351
0.0363
0.035
0.033
0.0324
0.0323
0.0328
0.0327
0.0334
0.0351
0.0341
0.0344
0.0339
0.0336
0.034
0.0338
0.0335
0.0344
0.0343
0.0343
0.034
0.0351
0.0343
0.0337
0.0345
0.0331
0.0333
0.0343
0.033
0.0337
0.0352
0.0342
0.0358
0.0366
0.0354
0.0365
0.0375
0.0358
0.0365
0.0363
0.0351
0.0344
0.0367
0.0341
0.035
0.0351
0.0338
0.0347
0.0355
0.035
0.0352
0.036
0.0346
0.0353
0.0372
0.0365
0.0368
0.0379
0.0362
0.037
0.0379
0.037
0.0374
0.0377
0.0362
0.0375
0.0373
0.0354
0.0366
0.0382
0.0368
0.0376
0.0393
0.0371
0.0376
0.0392
0.0389
0.0395
0.0403
0.038
0.0368
0.0368
0.0373
0.0366
0.0378
0.0371
0.0377
0.0378
0.0364
0.0369
0.0381
0.0366
0.0365
0.0362
0.0349
0.0359
0.0359
0.0351
0.0351
0.036
0.0353
0.036
0.0374
0.0366
0.0374
0.0376
0.0385
0.0376
0.0395
0.0382
0.0385
0.0406
0.0383
0.0391
0.0411
0.0393
0.0406
0.0396
0.0381
0.039
0.0409
0.0402
0.0412
0.0419
0.0388
0.0393
0.0396
0.0389
0.0388
0.0402
0.0382
0.0385
0.0395
0.0383
0.0393
0.0405
0.0387
0.0381
0.038
0.0375
0.0379
0.0387
0.0379
0.0375
0.0393
0.0374
0.0389
0.0385
0.0376
0.0388
0.0391
0.0376
0.0365
0.0375
0.0363
0.036
0.0371
0.0356
0.0361
0.0369
0.0353
0.0363
0.0383
0.0366
0.0383
0.0387
0.0368
0.0372
0.037
0.0365
0.0354
0.0354
0.0343
0.0347
0.0364
0.0348
0.0352
0.0368
0.0357
0.0359
0.0363
0.0358
0.0355
0.0367
0.0349
0.0351
0.0365
0.0351
0.0365
0.0365
0.0372
0.0366
0.0381
0.0372
0.0375
0.0384
0.0368
0.0371
0.0374
0.0382
0.037
0.0367
0.035
0.0354
0.0368
0.0363
0.0363
0.0376
0.0371
0.0377
0.039
0.0381
0.038
0.0389
0.038
0.0378
0.0387
0.0372
0.0379
0.0395
0.0388
0.0398
0.0417
0.0377
0.0387
0.0387
0.0378
0.0371
0.0386
0.0375
0.0396
0.0396
0.0387
0.0376
0.0387
0.0393
0.0386
0.0408
0.0395
0.04
0.0391
0.0396
0.0404
0.0418
0.0391
0.0382
0.0376
0.0371
0.0388
0.0399
0.0383
0.0407
0.0406
0.0403
0.0383
0.0393
0.0369
0.0374
0.0371
0.0359
0.0347
0.0348
0.0325
0.0325
0.0336
0.0324
0.0336
0.033
0.0331
0.0326
0.034
0.0322
0.0324
0.0336
0.0324
0.0334
0.0337
0.032
0.0324
0.0322
0.0311
0.0314
0.032
0.0306
0.0307
0.0314
0.0304
0.0307
0.0315
0.0305
0.0309
0.0321
0.0309
0.0321
0.0321
0.0309
0.0313
0.0321
0.0309
0.0313
0.0321
0.0309
0.0313
0.0321
0.0309
0.0313
0.0321
0.0309
0.0313
0.0321
0.0309
0.0313
0.0321
0.0309
0.0313
0.0321
0.0309
0.0313
0.0321
0.0309
0.0313
0.0321
0.0309
0.0313
0.0321
0.0309
0.0313
0.0321
0.0309
0.0313
0.0321
0.0309
0.0313
0.0321
0.0309
0.0313
0.0321
0.0309
0.0313
0.0321
0.0309
0.0313
0.0321
0.0309
0.0313
0.0321
0.0309
0.0313
0.0321
0.0309
0.0313
0.0321
0.0309
0.0313
0.0321
0.0309
0.0313
0.0321
0.0309
0.0313
0.0321
0.0309
0.0313
0.0321
0.0309
0.0313
0.0321
0.0309
0.0313
0.0321
0.0309
0.0313
0.0321
0.0309
0.0313
0.0321
0.0309
0.0313
0.0321
0.0309
0.0313
0.0321
0.0309
0.0313
0.0321
0.0309
0.0313
0.0321
0.0309
0.0313
0.0321
0.0309
0.0313
0.0321
0.0309
0.0313
0.0321
0.0309
0.0313
0.0321
0.0309
0.0313
0.0321
0.0309
0.0313
0.0321
0.0309
0.0313
0.0321
0.0309
0.0313
0.0321
0.0309
0.0313
0.0321
0.0309
0.0313
0.0321
0.0309
0.0313
0.0321
0.0309
0.0313
0.0321
0.0309
0.0313
0.0321
0.0309
0.0313
0.0321
0.0309
0.0313
0.0321
0.0309
0.0313
0.0321
0.0309
0.0313
0.0321
0.0309
0.0313
0.0321
0.0309
0.0313
0.0321
0.0309
0.0313
0.0321
0.0309
0.0313
0.0321
0.0309
0.0313
0.0321
0.0309
0.0313
0.0321
0.0309
0.0313
0.0321
0.0309
0.0313
0.0321
0.0309
0.0313
0.0321
0.0309
0.0313
0.0321
0.0309
0.0313
0.0321
0.0309
0.0313
0.0321
0.0309
0.0313
0.0321
0.0309
0.0313
0.0321
0.0309
0.0313
0.0321
0.0309
0.0313
0.0321
0.0309
0.0313
0.0321
0.0309
0.0313
0.0321
0.0309
0.0313
0.0321
0.0309
0.0313
0.0321
0.0309
0.0313
0.0321
0.0309
0.0313
0.0321
0.0309
0.0313
0.0321
0.0309
0.0313
0.0321
0.0309
0.0313
0.0321
0.0309
0.0313
0.0321
0.0309
0.0313
0.0321
0.0309
0.0313
0.0321
0.0309
0.0313
0.0321
0.0309
0.0313
0.0321
0.0309
0.0313
0.0321
0.0309
0.0313
0.0321
0.0309
0.0313
0.0321
0.0309
0.0313
0.0321
0.0309
0.0313
0.0321
0.0309
0.0313
0.0321
0.0309
0.0313
0.0321
0.0309
0.0313
0.0321
0.0309
0.0313
0.0321
0.0309
0.0313
0.0321
0.0309
0.0313
0.0321
0.0309
0.0313
0.0321
0.0309
0.0313
0.0321
0.0309
0.0313
0.0321
0.0309
0.0313
0.0321
0.0309
0.0313
0.0321
0.0309
0.0313
0.0321
0.0309
0.0313
0.0321
0.0309
0.0313
0.0321
0.0309
0.0313
0.0321
0.0309
0.0313
0.0321
0.0309
0.0313
0.0321
0.0309
0.0313
0.0321
0.0309
0.0313
0.0321
0.0309
0.0313
0.0321
0.0309
0.0313
0.0321
0.0309
0.0313
0.0321
0.0309
0.0313
0.0321
0.0309
0.0313
0.0321
0.0309
0.0313
0.0321
0.0309
0.0313
0.0321
0.0309
0.0313
0.0321
0.0309
0.0313
0.0321
0.0309
0.0313
0.0321
0.0309
0.0313
0.0321
0.0309
0.0313
0.0321
0.0309
0.0313
0.0321
0.0309
0.0313
0.0321
0.0309
0.0313
0.0321
0.0309
0.0313
0.0321
0.0309
0.0313
0.0321
0.0309
0.0313
0.0321
0.0309
0.0313
0.0321
0.0309
0.0313
0.0321
0.0309
0.0313
0.0321
0.0309
0.0313
0.0321
0.0309
0.0313
0.0321
0.0309
0.0313
0.0321
0.0309
0.0313
0.0321
0.0309
0.0313
0.0321
0.0309
0.0313
0.0321
0.0309
0.0313
0.0321
0.0309
0.0313
0.0321
0.0309
0.0313
0.0321
0.0309
0.0313
0.0321
0.0309
0.0313
0.0321
0.0309
0.0313
0.0321
0.0309
0.0313
0.0321
0.0309
0.0313
0.0321
0.0309
0.0313
0.0321
0.0309
0.0313
0.0321
0.0309
0.0313
0.0321
0.0309
0.0313
0.0321
0.0309
0.0313
0.0321
0.0309
0.0313
0.0321
0.0309
0.0313
0.0321
0.0309
0.0313
0.0321
0.0309
0.0313
0.0321
0.0309
0.0313
0.0321
0.0309
0.0313
0.0321
0.0309
0.0313
0.0321
0.0309
0.0313
0.0321
0.0309
0.0313
0.0321
0.0309
0.0313
0.0321
0.0309
0.0313
0.0321
0.0309
0.0313
0.0321
0.0309
0.0313
0.0321
0.0309
0.0313
0.0321
0.0309
0.0313
0.0321
0.0309
0.0313
0.0321
0.0309
0.0313
0.0321
0.0309
0.0313
0.0321
0.0309
0.0313
0.0321
0.0309
0.0313
0.0321
0.0309
0.0313
0.0321
0.0309
0.0313
0.0321
0.0309
0.0313
0.0321
0.0309
0.0313
0.0321
0.0309
0.0313
0.0321
0.0309
0.0313
0.0321
0.0309
0.0313
0.0321
0.0309
0.0313
0.0321
0.0309
0.0313
0.0321
0.0309
0.0313
0.0321
0.0309
0.0313
0.0321
0.0309
0.0313
0.0321
0.0309
0.0313
0.0321
0.0309
0.0313
0.0321
0.0309
0.0313
0.0321
0.0309
0.0313
0.0321
0.0309
0.0313
0.0321
0.0309
0.0313
0.0321
0.0309
0.0313
0.0321
0.0309
0.0313
0.0321
0.0309
0.0313
0.0321
0.0309
0.0313
0.0321
0.0309
0.0313
0.0321
0.0309
0.0313
0.0321
0.0309
0.0313
0.0321
0.0309
0.0313
0.0321
0.0309
0.0313
0.0321
0.0309
0.0313
0.0321
0.0309
0.0313
0.0321
0.0309
